RJ01079902 - 98908 (video)
96687 (AI Ill)
99928
100416
98760
100436 (CG)
100162 (CG)
99874 (manga)
100478
99226 (CG+video)
100502
100474
100508
RJ01079168
95982
97445
96661
99886
100514
11756(p2) 4173(p1)
29601
60390
65639
72651
49727
99242
97497
100920
100906
27133 - 40241 (series)
100694

100122 101542 101546 101653 101628 101618 101610 101584 101526(warning: very loud volume, pls keep small volume) 101574

65368 60248 68592 
60238 53514 74844 100204 55193 69515 74579 99254 97337 32906 37570 69403
pic 38985 47593 72877  
combo: 69748 76204 
combo: 49719 51293 52516 68370
96910 75330 77099 71769 (Ayuno Sashimi) 



7105 5339 33332(Spartan Teacher is Super Sweet to Her Son)

https://kingjav.us/actress/mahiro-tadai

RJ01042037
https://japaneseasmr.com/57281/         
https://japaneseasmr.com/tag/lots-of-illustrations/
https://truyenqqne.com/truyen-tranh/this-doesnt-feel-like-me-6117-chap-18.html    
https://www.dlsite.com/maniax/work/=/product_id/RJ411048.html
https://pinkclips.mobi/download/video/ph63c643906e64c/[asmr][roleplay]-taking-the-shy-girls-virginity
https://pinkclips.mobi/download/video/ph5fa1a121d6e91/step-sister039;s-big-secret-[futa-audio]
https://pinkclips.mobi/download/video/ph60feea8ae3372/taking-your-old-friend039;s-virginity
https://pinkclips.mobi/download/82207152/porn-video/pleasing-stepdaddy-with-handjob-erotic-asmr-audio-roleplay
https://pinkclips.mobi/download/video/ph60bdb568a3d67/girlfriend-first-time-%F0%9F%A5%BA%F0%9F%91%89%F0%9F%91%88-(erotic-audio-roleplay)

36749 47463 55048
                             illutration: Re:しましま, neropaso
                                          20943
                                    manga 98922 68905
                            chờ xem xét   71029 70106 65294 20164 51770 71423 47978 61946 61159 52619 95870 62258 63566 70106 74561 56938 51204 53900 98774 69419  77963 58989 58156 97044 35570 77407 99252 
                          chờ xem xét 2   55159 37800 98315 78184 99451 66617 19487 68141 71229 79384 78921 80997 78550 98383 75321 
                              loli        53315 
                             hàng đợi 1   45505 99547 80263 97341 68000 59317 79027 36637 97487 68450 70563 12794(p1)   15485(p2)   62351 58383
                             hàng đợi 2   31043 37425 56504 53138 70267 75685 81001 64922 81787 69939 81803 97273  8822 98736
                                ai一部利用  98926 97389 96665 97961 97367 97523
                                          66242 68917 36000 42003  7819 56112 53108 96667 97385 97453 36532 66292 96974 77965 52532 60640 97431 52031 
                                    music 69310 52370 45291 21095 52242
                                          73056 78674 53840 65649 97421 77513 97793 97345
                                          45616 16122 57400 24696 (p1)  27039 (p2)  68965 57620(p1)   59313(p2)   64133(p3)   67722 73692 74389 96994 59093 58343 5084  52651 57386 76957 
                                          70855 20995 28993 72647 40249 78220 78696 96583 96727 72367 55924 74006 52457 77031 53122 96277 69738 96575 96683 6216  7040  72883
                                          62590 60075 65527 18651 19651 64125 29549 74800 70859 71608 26874 30645 
                                          55473 80550 80572 75097 55387 57076 81041 81797 65605 72403 78558 96006 96291 95902 81781 61306 
                                          70690 54285 67291 75060 59935 81463 79773 77997 78997 36739 78684 31569 29818 49697 59041
                                          70445 28906 77391 69969 33744 33619 30058 69911 69582 53675 81733 63125 4511  60829 
                                          65398(p2)   65400(p1)   72707 78636 16844 70388 69724 29808 57386 
                                          8504  3851  78963 79436 30427 20144 31382 32682 78995 45489 79376 79356 70978 78867 67447
                                          63325(p2)   58008(p1)   63119 57281 78544 79826 69174 76158 49416 32509 71175 61115 72679
                                          71181 54498 68697 76977 62923 76749 97787 74405 67794 38517 
               Scatology, Peeing Oneself: 8829  52944 78158 78170 52544 4839  14888
                                    Soap: 68798 77061 78212 77943
                                    trap: 98309 68794 52671 39277 78340 81019 36526 50252 51307 57204 73428 78905 71225 66660  54013 76713 45285 58241  
                                          69664 79902 79880 79842 74848 46449 57648 55387 68604
                                          40763 69967 53959 68949 64896 75927 76416 65368 47897 48979 55267 70374 76374 78676 
                                          59949 58899 68468 5084  58251 78660 73760 70831 77366 77067 77965 63155 69162 9738  61306 
                                          47219 54606 60489 58481 78694 75044 72585 76150 70642 76178 32234 79414 79306 63145
                                princess: 79914 68000 41103 55080 
                                          45521 46993 55459,55590 59031 60364 3503(p1),3984(p2) 70388 79348
                                          45427 4173  39307 14269 77101 75097 34322 62961 74824 73789 77491 73670 65515 70293
                                          67104 60075 65206 54421 52794 33085 54112 53138 32772 56549 78206
                                          72869 81033 60374 95924 81059 96229 69256 